GNN_MAE: 0.6666955351829529
MEAN_MAE: 0.7555806636810303
GNN_RMSE: 0.9636470079421997
MEAN_RMSE: 1.0809097290039062
CGAN_Fid: 3.5055382587760686
